25
0.183 0.000 0.690 1.000
0.917 0.000 0.360 1.000
0.000 0.157 0.175 0.000
0.000 0.153 1.000 0.964
0.000 0.175 0.385 0.000
0.472 0.000 1.000 0.908
1.000 0.042 0.775 1.000
1.000 0.182 0.301 1.000
0.000 0.096 1.000 0.979
0.654 0.000 0.527 1.000
0.000 0.347 1.000 0.700
0.000 0.784 0.627 0.000
0.000 0.045 0.774 1.000
0.537 0.000 0.917 1.000
0.000 0.541 0.102 0.000
0.000 0.546 0.564 0.000
0.000 0.982 1.000 0.595
0.000 0.383 0.767 0.000
0.063 0.000 0.853 1.000
1.000 0.647 0.517 1.000
0.274 0.000 0.853 1.000
0.000 0.582 0.647 1.000
0.000 0.260 1.000 0.682
0.102 0.000 1.000 0.228
0.898 0.000 0.759 1.000

0.000 0.109 0.316 1.000
0.218 0.000 1.000 0.307